1045767117
1043374545
1043374545
1043397459
1043402767
1043402785
1043495702
1043506302
1043562035
1043565691
1043608482
1043650580
1043747228
1043749860
1043817906
1043899828
1043930362
1043937480
1043987329
1044027229
1044042244
1044078197
1044100897
1044104207
1044107651
1044123448
1044154993
1044160600
1044214000
1044269494
1044271868
1044279832
1044285284
1044297318
1044300051
1044334640
1044348163
1044361617
1044363196
1044367519
1044387921
1044389855
1044392363
1044407002
1044412792
1044417566
1044429906
1044448350
1044458000
1044517180
1044520426
1044521948
1044527090
1044553439
1044575304
1044583004
1044589232
1044589406
1044638123
1044638749
1044650862
1044652547
1044670345
1044677094
1044682407
1044688877
1044689408
1044698086
1044704534
1044707198
1044709075
1044725095
1044730246
1044731826
1044753275
1044760560
1044766839
1044769132
1044771169
1044772419
1044774869
1044780959
1044789966
1044790001
1044790439
1044797607
1044804097
1044808556
1044809898
1044813117
1044819242
1044820175
1044831955
1044843918
1044846301
1044846316
1044847509
1044848909
1044849628
1044850586
1044853098
1044855059
1044855531
1044861783
1044863124
1044863839
1044864736
1044864943
1044880223
1044880929
1044884674
1044884849
1044896146
1044896485
1044897718
1044908245
1044910123
1044913099
1044914830
1044917206
1044923263
1044938750
1044942087
1044942715
1044943868
1044944674
1044948773
1044953624
1044954717
1044955341
1044968142
1044968489
1044970243
1044982114
1044988356
1044993053
1044995614
1044996076
1044999719
1045001090
1045003409
1045005815
1045013883
1045014297
1045014900
1045017350
1045020620
1045021816
1045023344
1045023664
1045028393
1045028764
1045032333
1045033048
1045034546
1045034667
1045036517
1045041605
1045048091
1045048202
1045080370
1045080937
1045090378
1045100798
1045102327
1045104966
1045107350
1045110355
1045111305
1045114383
1045122521
1045125403
1045125754
1045128766
1045130515
1045138555
1045139541
1045143944
1045147623
1045154238
1045157743
1045164703
1045165699
1045170563
1045175503
1045178271
1045180169
1045180870
1045181453
1045186593
1045188109
1045188547
1045195481
1045196855
1045212403
1045218059
1045218598
1045221605
1045224300
1045231642
1045233300
1045233442
1045234402
1045234819
1045234876
1045237036
1045238762
1045240995
1045241431
1045241545
1045241826
1045246078
1045246222
1045251618
1045254741
1045258842
1045259468
1045260173
1045261977
1045264614
1045266160
1045266709
1045268293
1045269489
1045272701
1045274788
1045275048
1045278747
1045279551
1045280711
1045282425
1045284904
1045288166
1045291850
1045298651
1045299503
1045299669
1045301128
1045301946
1045302047
1045302410
1045302453
1045304791
1045307826
1045307931
1045308478
1045310980
1045314191
1045314314
1045317455
1045321693
1045321773
1045324904
1045327231
1045330340
1045333202
1045336733
1045341043
1045341232
1045341471
1045344452
1045345929
1045346056
1045346859
1045347222
1045348061
1045350187
1045350419
1045351274
1045351627
1045351652
1045351826
1045354249
1045358739
1045360853
1045361037
1045363331
1045365342
1045365533
1045367953
1045372296
1045372371
1045380204
1045382014
1045384231
1045385330
1045387051
1045388760
1045390166
1045393477
1045394164
1045399008
1045404382
1045405868
1045406109
1045406821
1045407232
1045411293
1045411403
1045413526
1045413825
1045415692
1045416099
1045416950
1045419344
1045421406
1045422574
1045425068
1045425542
1045425917
1045431640
1045433256
1045438020
1045438202
1045438837
1045443230
1045447604
1045449303
1045452503
1045453249
1045456564
1045456771
1045460719
1045461511
1045462001
1045463362
1045464047
1045468095
1045468544
1045468872
1045471787
1045473268
1045473347
1045477459
1045477615
1045478180
1045478376
1045480931
1045480969
1045481175
1045481434
1045481868
1045481985
1045483038
1045483617
1045485650
1045486382
1045486995
1045488593
1045489344
1045491776
1045493359
1045493882
1045493963
1045494090
1045494393
1045495205
1045495328
1045504133
1045504875
1045505212
1045508755
1045510294
1045512636
1045516588
1045516919
1045520156
1045521656
1045522967
1045523926
1045524027
1045533758
1045535889
1045541095
1045543530
1045546047
1045548723
1045551724
1045553108
1045556104
1045556364
1045557193
1045558134
1045560663
1045562364
1045568348
1045570474
1045570482
1045570669
1045573947
1045577527
1045577561
1045578379
1045582030
1045584095
1045584268
1045585905
1045585978
1045586641
1045588543
1045590166
1045591004
1045593599
1045594176
1045596448
1045598437
1045599241
1045601612
1045602125
1045602170
1045602986
1045604603
1045606939
1045608236
1045609290
1045609361
1045612863
1045615794
1045615887
1045617280
1045618119
1045632120
1045634599
1045635023
1045641581
1045647851
1045648841
1045652705
1045653591
1045655459
1045655586
1045655611
1045657358
1045657408
1045657799
1045664346
1045671817
1045671883
1045677283
1045677572
1045678297
1045678903
1045679123
1045680516
1045680577
1045681492
1045681675
1045683252
1045684594
1045688690
1045689513
1045692163
1045696657
1045697315
1045698576
1045699221
1045699348
1045700537
1045702702
1045703148
1045704363
1045705706
1045710634
1045711485
1045716476
1045719451
1045722461
1045722507
1045723239
1045723355
1045724030
1045724759
1045725925
1045728189
1045728214
1045730799
1045731418
1045732786
1045732931
1045738337
1045739279
1045742100
1045743020
1045746374
1045746742
1045747129
1045747332
1045748248
1045748611
1045750612
1045754011
1045754969
1045756299
1045756410
1045756544
1045757105
1045757611
1045758137
1045761123
1045761545
1045764509
1045767117
